:POLY
@                   CBTM CKO -  6 cells
 &VVOD
@
 @ 1 Be  cell@ rcel(1,1)=1.,2.,3.,4.,4.65,
                    ncelsos(1,1)=1,1,1,1,1,
 @ 2 pel Eu cell@ rcel(1,2)=0.19,0.205,0.338,
                    ncelsos(1,2)=2,3,4,
 @ 3 Fe  cell@ rcel(1,3)=0.25,0.338,
                    ncelsos(1,3)=3,4,
 @ 4 tube Be ring @ rcel(1,4)=7.899,  rcin( 4) =5.25,
                 ncelsos(1,4)=5,
 @ 5 Fuel,H2O @  rcel(1,5)=2.5,3.949,
                 ncelsos(1,5)=6,6,
 @ 6 Fuel,H2O @  rcel(1,6)=0.2,
                 ncelsos(1,6)=6,
@
t=6*293,
iout(30)=2,
iout(10)=5,
@IZOTR(6)=1,
troiz=
@Be1       Eu     Steel    H2O       Be2          Fuel
0.,       0.,    0.,      0.,       0.,          1.4390E-3,
0.,       0.,    0.,      0.,       0.,          1.693E-4,
0.,       0.,    0.,      0.,       0.,          0.190E-5,
5.85E-03, 0.,    5.97E-02,0.,       0.,          1.277E-2,
0.,       0.,    0.,      0.,       0.,          1.689E-2,
1.379e-2, 0.,    0.,      3.33e-2,  0.00236,     2.281E-2,
2.758e-2, 0.,    0.,      6.668e-2, 0.00473,     0.03916,
1.47e-3,  0.,    1.50e-2, 0.,       0.,          0.,
8.9e-4,   0.,    9.13e-3, 0.,       0.,          0.,
6.03E-02, 0.,    0.,      0.,       0.1005,      0.,
0.,       0.,    0.,      0.,       0.,          0.,
0.,       0.,    0.,      0.,       4.930E-03,   0.,
0.,       0.0171,0.,      0.,       0.,          0.,
@
 ntcell=1,2,3,4,5,6,
 krat= 1.,28.,24.,1.,12.,20.,
 alout=
       .0, 0.54,0.46,0.,0., 0.,
       .25, .43, .07,0.,0., 0.,
       .25, .08, .42,0.,0., 0.,
       .0,  .0,  .0, 0.,1., 0.,
       .0,  .0,  .0, 0.167, 0.5,0.333,
       .0,  .0,  .0,  .0  , 0.2,0.8,
 alin=
       .0,.0,.0,.0,.0,.0,
       .0,.0,.0,.0,.0,.0,
       .0,.0,.0,.0,.0,.0,
       .0,.0,.0,.0,.0,.0,
       .0,.0,.0,.0,.0,.0,
       .0,.0,.0,.0,.0,.0,
 aloi=
       .0,.0,.0,.0,.0,.0,
       .0,.0,.0,.25,.0,.0,
       .0,.0,.0,.25,.0,.0,
       .0,.0,.0,.0,.0,.0,
       .0,.0,.0,.0,.0,.0,
       .0,.0,.0,.0,.0,.0,
 alio=
       .0,.0,.0,.0,.0,.0,
       .0,.0,.0,.0,.0,.0,
       .0,.54,.46,.0,.0,.0,
       .0,.0,.0,.0,.0,.0,
       .0,.0,.0,.0,.0,.0,
       .0,.0,.0,.0,.0,.0,
 material(1)='chmc',
&end
U235
U238
U236
FE
CU
*O*
*H*
CR
NI
BE
AL
ZR
EU
****
:FIER
&VVOD &END
:MACRO
 &VVOD
 NBV=5*1,3*2,2*3,4,3*5,
 ET=10.0E6,0.9E6,0.9E6,5.53E3,5.53E3,0.625,0.625,0.,
 &END
:STOP
