 0.12382E+02  0.18295E+03
 0.10185E+01  0.92586E+00
 0.24163E-02  0.58244E-04
 0.24148E-01  0.62335E-01
 0.26704E-02  0.11062E+00
 0.81665E-06  0.17794E-03
 0.22692E-02  0.61314E-04
 0.44867E+00  0.30155E+01
 0.44867E+00  0.30155E+01
 0.10281E+02  0.17618E+01
 0.16333E+01  0.27035E+01
 0.82845E+01  0.73870E+01
 0.19792E+01  0.33793E+03
 0.40335E+02  0.34759E+02
 0.20544E+01  0.15595E+05
 0.53273E+01  0.66693E+06
 0.43569E+02  0.21455E+05
 0.47020E+02  0.26261E+04
 0.15105E+02  0.61627E+04
 0.44571E+02  0.66623E+04
 0.11722E+02  0.54607E+04
 0.18063E+02  0.28744E+05
 0.14832E+02  0.17391E+03
 0.17290E+02  0.12191E+02
 0.70581E+01  0.13001E+03
 0.16459E+02  0.91449E+03
 0.70636E+01  0.23576E+04
 0.25334E+02  0.62632E+03
 0.36244E+02  0.10097E+02
 0.16611E+02  0.70837E+03
 0.42022E+02  0.24823E+04
 0.15311E+02  0.43143E+03
 0.59864E+01  0.57282E+01
 0.18419E+02  0.55556E+01
 0.20374E+02  0.71887E+03
 0.39254E+01  0.23165E+01
 0.14858E+02  0.14188E+03
 0.19010E+02  0.27299E+03
 0.19180E+02  0.29943E+02
 0.88160E+02  0.73161E+02
 0.31845E+02  0.29069E+02
 0.11070E+02  0.10272E+02
 0.84153E+01  0.14534E+02
 0.35289E+01  0.98319E+02
 0.57964E+02  0.55104E+02
 0.54811E+01  0.45652E+01
 0.40998E+01  0.44266E+02
 0.87651E+00  0.37285E+01
 0.65057E+02  0.84242E+03
 0.62978E+02  0.11024E+05
 0.39336E+03  0.49832E+04
 0.57964E+02  0.55104E+02
 0.51402E+01  0.52541E+02
 0.45075E+01  0.11398E+01
 0.43503E+01  0.65238E+01
 0.29554E+01  0.28516E+01
 0.69390E+01  0.31610E+02
 0.52708E+02  0.21264E+04
 0.47333E+02  0.10342E+03
 0.29101E+02  0.11373E+04
 0.16333E+01  0.27035E+01
 0.16333E+01  0.27035E+01
 0.50275E+02  0.42005E+03
