0.17479E-04
0.42172E-04
0.11320E-03
0.47256E-04
0.64445E-04
0.11732E-03
0.85211E-04
0.92808E-04
0.12363E-03
0.11027E-03
0.11166E-03
0.12876E-03
0.11325E-03
0.11394E-03
0.12930E-03
0.11616E-03
0.11619E-03
0.12987E-03
0.12056E-03
0.11957E-03
0.13066E-03
0.12535E-03
0.12319E-03
0.13114E-03
0.12732E-03
0.12467E-03
0.13058E-03
0.12715E-03
0.12451E-03
0.13009E-03
0.13205E-03
0.53404E-19
0.35660E-12
0.13552E-03
0.13811E-03
0.12071E-16
0.28122E-11
0.14280E-03
0.15007E-03
0.80106E-15
0.11894E-10
0.15703E-03
0.16493E-03
0.11728E-13
0.26637E-10
0.17447E-03
0.16761E-03
0.16841E-13
0.29447E-10
0.17759E-03