NAM=GD56     BIB=FOND  MF=  1  MT=  0  AWR=1.56000E+02                          
LV = 10      LT =  28  LC= 10  LS= 10  LF = (I4,E7.0,2E9.0,E7.0,5E6.0)
*                             64-GD-  0                                         
*                   MAIN NEUTRON GROUP CONSTANTS
*  G  total  capture  fission  elast  inel  mult   nu    mu    ksi
  -1   5.40   0.0009            3.23 2.166 2.030       .8752 .0016
   0   5.70   0.0015            3.45 2.252 1.840       .8200 .0023
   1   5.01   0.0095            2.48 2.528 1.138       .7364 .0034
   2   5.56   0.0898            2.83 2.640 1.000       .7566 .0031
   3   6.41   0.2289            3.51 2.672 1.000       .7526 .0032
   4   7.05   0.2752            4.02 2.755 1.000       .6888 .0040
   5   7.46   0.3594            4.27 2.833 1.000       .5737 .0055
   6   7.51   0.3183            5.06 2.139 1.000       .4189 .0074
   7   7.76   0.3192            6.24 1.202 1.000       .2806 .0092
   8   8.24   0.3639            7.34 0.537 1.000       .0961 .0108
   9   9.00   0.4934            8.42 0.090 1.000       .0043 .0128
  10   9.90   0.6380            9.26                   .0043 .0128
  11  10.89   0.9950            9.90                   .0043 .0128
  12  12.19   1.7820           10.41                   .0043 .0128
  13  14.27   3.3970           10.87                   .0043 .0128
  14  16.65   5.9480           10.70                   .0043 .0128
  15  18.47   6.7000           11.77                   .0043 .0128
  16  15.84   4.6000           11.24                   .0043 .0128
  17  37.44  25.8000           11.64                   .0043 .0128
  18  10.35   0.0500           10.30                   .0043 .0128
  19  65.98  60.2000            5.78                   .0043 .0128
  20  10.46   0.1560           10.31                   .0043 .0128
  21   3.05   0.1250            2.93                   .0043 .0128
  22   4.73   0.1530            4.58                   .0043 .0128
  23   2.70   0.0300            2.67                   .0043 .0128
  24   5.16   0.0400            5.12                   .0043 .0128
  25  13.22   0.0450           13.18                   .0043 .0128
  26 166.82   0.0500          166.77                   .0043 .0128
*
NAM=GD56     BIB=FOND  MF=  2  MT=  0  AWR=1.56000E+02                          
LV = 10      LT =  12  LC= 14  LS= 14  LF = (I4,13E5.0)                         
*                    INELASTIC TRANSITION MATRIX
*                    ZERO MOMENT (TRANSITIONS  G -> K)
* G/K  -1    0    1    2    3    4    5    6    7    8    9   10   11
  -1 .000 .000 .5191.3541.028 .725 .343 .233 .121 .050 .018 .005 .001
   0      .000 .014 .5251.2361.218 .662 .341 .107 .030 .008 .002 .001
   1           .002 .048 .267 .750 .788 .624 .267 .092 .030 .007 .002
   2                .014 .157 .591 .771 .678 .294 .097 .029 .007 .002
   3                     .044 .426 .764 .827 .408 .144 .045 .011 .003
   4                          .146 .679 .998 .597 .234 .077 .019 .005
   5                               .2381.128 .881 .398 .141 .036 .011
   6                                    .329 .965 .550 .218 .059 .018
   7                                         .182 .582 .315 .093 .030
   8                                              .044 .235 .192 .067
   9                                                        .021 .069
  10                                                                 
*
NAM=GD56     BIB=FOND  MF=  3  MT=  0  AWR=1.55900E+02                          
LV = 10      LT =  14  LC=  7  LS=  7  LF = (I4,6E11.0)                         
*            MATRIX OF ANGULAR MOMENTA OF ELASTIC SCATTTERING
*            WITH TRASITIONS FROM GROUP g TO THE SAME GROUP g
* G/L       0          1          2          3          4          5
  -1     0.7854     0.6888     0.6013     0.5157     0.4444     0.3787
   0     0.9782     0.8155     0.6689     0.5495     0.4697     0.4045
   1     0.9817     0.7352     0.5892     0.4825     0.4025     0.3209
   2     0.9889     0.7551     0.6178     0.4719     0.3348     0.1896
   3     0.9907     0.7512     0.5869     0.4174     0.2412     0.0999
   4     0.9917     0.6879     0.4817     0.2932     0.1231     0.0306
   5     0.9871     0.5751     0.3605     0.1359     0.0450     0.0009
   6     0.9864     0.4206     0.2034     0.0418     0.0107     0.0002
   7     0.9842     0.2830     0.0627     -.0052     -.0066     -.0001
   8     0.9804     0.1025     0.0008     -.0000     -.0000     -.0000
   9     0.9824     0.0101     0.0000     -.0000     -.0000     -.0000
  10     0.9829     0.0099     0.0000     -.0000     -.0000     -.0000
  11     0.9829     0.0099     0.0000     -.0000     -.0000     -.0000
  12     0.9833     0.0098     0.0000     -.0000     0.0000     0.0000
*
NAM=GD56     BIB=FOND  MF=  3  MT=  1  AWR=1.55900E+02                          
LV = 10      LT =  14  LC=  7  LS=  7  LF = (I4,6E11.0)                         
*            MATRIX OF ANGULAR MOMENTA OF ELASTIC SCATTTERING
*            WITH TRASITIONS FROM GROUP g TO THE NEXT GROUP g + 1
* G/L       0          1          2          3          4          5
  -1     0.2146     0.1864     0.1610     0.1370     0.1178     0.1005
   0     0.0218     0.0045     0.0010     -.0012     0.0000     -.0003
   1     0.0183     0.0012     0.0018     0.0015     0.0024     -.0004
   2     0.0111     0.0015     0.0026     0.0014     0.0011     -.0015
   3     0.0093     0.0014     0.0013     0.0015     -.0001     -.0012
   4     0.0083     0.0009     0.0012     -.0004     -.0005     -.0005
   5     0.0129     -.0014     0.0013     -.0011     -.0004     -.0001
   6     0.0136     -.0017     0.0002     -.0013     0.0001     0.0000
   7     0.0158     -.0024     -.0017     0.0000     0.0000     0.0000
   8     0.0196     -.0064     -.0001     0.0000     0.0000     0.0000
   9     0.0176     -.0058     -.0000     0.0000     0.0000     0.0000
  10     0.0171     -.0056     -.0000     0.0000     0.0000     0.0000
  11     0.0171     -.0056     -.0000     0.0000     0.0000     0.0000
  12     0.0167     -.0055     -.0000     0.0000     0.0000     -.0000
*
NAM=GD       BIB=FOND  MF=  5  MT=  1  AWR=1.56000E+02                          
LV = 20      LT =  18  LC= 18  LS= 18  LF = (I4,I2,1X,16I4)                     
*            DOPPLER INCREMENTS OF RESONANCE  SELF-SHIELDING 
*            FACTORS:   F(900K)-F(300K) and F(2100K)-F(900K) 
*                    FOR TRANSPORT CROSS SECTION                       N
*  G N   0  .1  ... ...  1  ... ...  10 ... ... 100 215 465 1000... *10
  15 0    0   0   0   0   0   0   0   0   0   0   0   0   0   0   0   0
          1   1   1   1   1   1   0   0   0   0   0   0   0   0   0   0
  16 0    1   1   1   1   1   1   1   1   1   1   0   0   0   0   0   0
          2   2   2   2   2   2   1   1   1   1   1   0   0   0   0   0
  17 1    8   8   8   8   7   6   5   3   2   1   1   0   0   0        
         13  13  13  12  11  10   8   5   3   2   1   0   0   0        
  18 1   18  18  19  20  21  23  25  27  26  22  15   9   5   2   1   0
         27  28  29  30  32  33  33  32  27  20  12   7   3   1   0   2
  19 1    0   0   1   3   8  15  28  44  59  60  46  29  16   8   4   2
          1   3   5  10  17  29  43  56  58  48  32  18   9   5   2   1
  20 2    2   6  10  17  27  40  57  67  61  42  25  13   6   3   1   1
          5  11  16  25  38  54  67  68  53  33  18   9   4   2   1   0
  21 1    1   1   1   1   2   3   8  18  32  42  41  30  18   9   5   2
          2   2   2   2   4   8  18  33  48  53  45  29  16   8   4   2
  22 2    0   0   0   0   2   7  16  24  24  18  11   6   3   1   1   0
          0   0   0   0   4  13  24  32  29  20  11   6   3   1   1   0
  23 1    4   4   4   4   5   6   8  12  15  13   9   5   3   1   1   0
          9   9   9  10  11  12  16  20  21  17  11   6   3   2   1   0
*
NAM=GD       BIB=FOND  MF=  5  MT=102  AWR=1.56000E+02                          
LV = 20      LT =  18  LC= 18  LS= 18  LF = (I4,I2,1X,16I4)                     
*                      FOR CAPTURE CROSS SECTION                       N
*  G N   0  .1  ... ...  1  ... ...  10 ... ... 100 215 465 1000... *10
  15 0    0   0   0   0   0   0   0   0   0   0   0   0   0   0   0    
          0   0   0   0   0   0   0   0   0   0   0   0   0   0   0    
  16 0    1   1   1   1   1   1   1   1   1   0   0   0   0   0   0   0
          1   1   1   1   1   1   1   1   1   1   0   0   0   0   0   0
  17 1    7   6   6   6   5   5   3   2   1   1   0   0   0   0        
         10  10  10   9   8   7   5   3   2   1   1   0   0   0        
  18 1   28  29  29  29  29  30  29  28  23  17  10   6   3   1   1   0
         40  40  40  39  38  37  34  28  21  14   8   4   2   1   0   0
  19 1   17  19  22  27  34  43  53  60  58  46  30  17   9   4   2   1
         29  33  36  41  49  56  60  58  48  33  20  10   5   2   1   1
  20 2   10  20  27  36  46  55  59  53  40  24  13   7   3   2   1   0
         17  29  37  47  56  62  60  48  32  18   9   5   2   1   0   0
  21 1    5   6   7   8  11  16  24  33  39  38  29  18  10   5   2   1
         10  11  12  15  20  28  38  47  49  42  29  17   9   4   2   1
  22 2    1   2   4   6  11  16  21  21  17  11   6   3   1   1   0   0
          1   3   6  11  17  24  28  26  19  12   6   3   1   1   0   0
  23 1    8   8   8   9   9  11  12  13  12   9   6   3   2   1   0   0
         15  15  15  16  17  18  19  19  16  11   7   3   2   1   0   0
*
NAM=GD56     BIB=ENDL  MF= 10  MT=  1  AWR=0.00000E+00                          
LV = 10      LT =  28  LC= 18  LS=  9  LF = (I4,8F8.0)                          
*            15-GROUP SECONDARY GAMMA RAY YELDS
*                  ON ONE TOTAL INTERACTION  
* N/G    1       2       3       4       5       6       7       8
  -1  0.0027  0.0076  0.0258  0.0534  0.1356  0.3111  0.4313  0.4050            
   0  0.0017  0.0066  0.0213  0.0378  0.0866  0.2091  0.3375  0.3924            
   1  0.0001  0.0013  0.0117  0.0346  0.1020  0.2445  0.3451  0.3366            
   2          0.0001  0.0020  0.0114  0.0516  0.1624  0.3193  0.4002            
   3          0.0001  0.0020  0.0028  0.0060  0.0365  0.1236  0.2053            
   4          0.0002  0.0031  0.0042  0.0087  0.0216  0.0302  0.0357            
   5          0.0004  0.0061  0.0084  0.0173  0.0432  0.0380  0.0175            
   6          0.0011  0.0166  0.0228  0.0468  0.1171  0.1030  0.0449            
   7          0.0033  0.0501  0.0686  0.1414  0.3536  0.3111  0.1355            
   8          0.0062  0.0928  0.1276  0.2616  0.6549  0.5764  0.2513            
   9          0.0072  0.1082  0.1483  0.3051  0.7641  0.6717  0.2929            
  10          0.0077  0.1150  0.1590  0.3260  0.8150  0.7170  0.3130            
  11          0.0077  0.1150  0.1580  0.3250  0.8140  0.7160  0.3120            
  12          0.0077  0.1150  0.1580  0.3250  0.8130  0.7150  0.3120            
  13          0.0077  0.1150  0.1580  0.3250  0.8130  0.7150  0.3120            
  14          0.0077  0.1150  0.1580  0.3250  0.8120  0.7140  0.3120            
  15          0.0077  0.1150  0.1580  0.3250  0.8120  0.7140  0.3120            
  16          0.0077  0.1150  0.1580  0.3250  0.8120  0.7140  0.3120            
  17          0.0077  0.1150  0.1580  0.3250  0.8120  0.7140  0.3120            
  18          0.0077  0.1150  0.1580  0.3250  0.8120  0.7140  0.3120            
  19          0.0077  0.1150  0.1580  0.3250  0.8120  0.7140  0.3120            
  20          0.0077  0.1150  0.1580  0.3250  0.8120  0.7140  0.3120            
  21          0.0077  0.1150  0.1580  0.3250  0.8120  0.7140  0.3120            
  22          0.0077  0.1150  0.1580  0.3250  0.8120  0.7140  0.3120            
  23          0.0077  0.1150  0.1580  0.3250  0.8120  0.7140  0.3120            
  24          0.0077  0.1150  0.1580  0.3250  0.8120  0.7140  0.3120            
  25          0.0077  0.1150  0.1580  0.3250  0.8120  0.7140  0.3120            
  26          0.0077  0.1150  0.1580  0.3250  0.8120  0.7140  0.3120            
* N/G    9      10      11      12      13      14      15     EGAM
  -1  0.4783  0.3545  0.1380  0.1179  0.1628  0.1168  0.0500  4.2511            
   0  0.6142  0.6635  0.3118  0.0720  0.0266  0.0089  0.0025  3.7382            
   1  0.4533  0.5982  0.5631  0.2159  0.0938  0.0290  0.0073  3.5918            
   2  0.6287  0.6190  0.2611  0.0567  0.0194  0.0053  0.0011  3.0851            
   3  0.4593  0.7919  0.6217  0.1951  0.0774  0.0227  0.0055  1.8099            
   4  0.1945  0.7450  0.9858  0.4264  0.1993  0.0647  0.0172  1.1729            
   5  0.0628  0.2552  0.9390  0.7246  0.4410  0.1687  0.0507  0.9423            
   6  0.1058  0.0430  0.3843  0.6979  0.7048  0.3792  0.1407  1.4127            
   7  0.3187  0.0184  0.1051  0.2600  0.4818  0.2432  0.1216  3.5967            
   8  0.5899  0.0341  0.0446  0.0439  0.2097  0.0375  0.0188  6.5192            
   9  0.6885  0.0397  0.0520  0.0263  0.0790  0.0075  0.0038  7.5862            
  10  0.7350  0.0424  0.0555  0.0281  0.0161  0.0080  0.0040  8.0942            
  11  0.7330  0.0423  0.0553  0.0280  0.0160  0.0080  0.0040  8.0763            
  12  0.7330  0.0423  0.0553  0.0280  0.0160  0.0080  0.0040  8.0710            
  13  0.7320  0.0423  0.0553  0.0280  0.0160  0.0080  0.0040  8.0700            
  14  0.7320  0.0422  0.0553  0.0280  0.0160  0.0080  0.0040  8.0649            
  15  0.7320  0.0422  0.0552  0.0280  0.0160  0.0080  0.0040  8.0648            
  16  0.7320  0.0422  0.0552  0.0280  0.0160  0.0080  0.0040  8.0648            
  17  0.7320  0.0422  0.0552  0.0280  0.0160  0.0080  0.0040  8.0648            
  18  0.7320  0.0422  0.0552  0.0280  0.0160  0.0080  0.0040  8.0648            
  19  0.7320  0.0422  0.0552  0.0280  0.0160  0.0080  0.0040  8.0648            
  20  0.7320  0.0422  0.0552  0.0280  0.0160  0.0080  0.0040  8.0648            
  21  0.7320  0.0422  0.0552  0.0280  0.0160  0.0080  0.0040  8.0648            
  22  0.7320  0.0422  0.0552  0.0280  0.0160  0.0080  0.0040  8.0648            
  23  0.7320  0.0422  0.0552  0.0280  0.0160  0.0080  0.0040  8.0648            
  24  0.7320  0.0422  0.0552  0.0280  0.0160  0.0080  0.0040  8.0648            
  25  0.7320  0.0422  0.0552  0.0280  0.0160  0.0080  0.0040  8.0648            
  26  0.7320  0.0422  0.0552  0.0280  0.0160  0.0080  0.0040  8.0648            
*
NAM=GD56     BIB= SAI  MF= 11  MT=  0  AWR=0.00000E+00                          
LV = 10      LT =  15  LC=  9  LS=  9  LF = (I4,F7.3,2F8.3,5F9.2)               
*                      15-GROUP PHOTON CONSTANTS
* GR    SKN     SBD     SN       SPH      STT      ST       SA       SAE
   1  3.293   3.293   7.854     0.07    11.21    11.20    10.19     7.51
   2  3.874   3.874   6.687     0.09    10.70    10.63     9.37     7.06
   3  4.608   4.608   5.509     0.12    10.27    10.26     8.62     6.59
   4  5.352   5.352   4.494     0.16    10.02    10.01     8.03     6.23
   5  6.208   6.208   3.474     0.22     9.94     9.90     7.46     5.90
   6  7.461   7.461   2.262     0.34    10.11    10.06     6.88     5.64
   7  9.154   9.154   1.096     0.59    10.94    10.85     6.58     5.72
   8 11.100  11.100   0.325     1.08    12.68    12.53     6.85     6.39
   9 13.666  13.634   0.035     2.35    16.46    16.02     8.34     7.99
  10 18.029  17.821   0.000    10.21    29.54    28.03    16.47    15.54
  11 24.470  23.471   0.000    89.04   120.07   112.39    94.94    78.76
  12 30.697  27.247   0.000   650.97   709.25   678.29   655.35   428.29
  13 34.989  27.414   0.000  2194.73  2313.78  2221.82  2195.23  1134.48
  14 38.185  23.805   0.000  4893.59  5169.05  4913.83  4893.59  4665.14
  15 40.209  17.631   0.000 32088.73 32748.00 32088.73 32088.73 28896.83
*

