	     Alb_matrics for Nr=8,7,6,5,4,3 cikl sph-gdgran in TVEG
		       for VVER1000 kasset 12 TVEG in kasset
							 KRAT(1/12cass)
  Cells 1-Nr- spherical cells - Gd2O3, UO2               1,6,12,18,...,6(Nr-1)
	Nr+1 - H2O cilindrical tube cells in TVEG-cells  1
	Nr+2 - TVEL-cells araund TVEG-cells              6
	Nr+3 - other TVEL-cells in casset                20.5

			    Nr=8

 ALOUT (aloo) for 8 cikl gd_gran in TVEG
   1        2       3       4       5       6        7       8       9       10       11

1  0.3333, 0.6667, 0.0000, 0.0000, 0.0000, 0.0000, 0.0000, 0.0000, 0.0000, 0.0000, 0.0000,
2  0.1111, 0.5556, 0.3333, 0.0000, 0.0000, 0.0000, 0.0000, 0.0000, 0.0000, 0.0000, 0.0000,
3  0.0000, 0.1667, 0.5556, 0.2778, 0.0000, 0.0000, 0.0000, 0.0000, 0.0000, 0.0000, 0.0000,
4  0.0000, 0.0000, 0.1852, 0.5556, 0.2593, 0.0000, 0.0000, 0.0000, 0.0000, 0.0000, 0.0000,
5  0.0000, 0.0000, 0.0000, 0.1944, 0.5556, 0.2500, 0.0000, 0.0000, 0.0000, 0.0000, 0.0000,
6  0.0000, 0.0000, 0.0000, 0.0000, 0.2000, 0.5556, 0.2444, 0.0000, 0.0000, 0.0000, 0.0000,
7  0.0000, 0.0000, 0.0000, 0.0000, 0.0000, 0.2037, 0.5556, 0.2407, 0.0000, 0.0000, 0.0000,
8  0.0000, 0.0000, 0.0000, 0.0000, 0.0000, 0.0000, 0.2063, 0.5556, 0.0000, 0.0000, 0.0000,
9  0.0000, 0.0000, 0.0000, 0.0000, 0.0000, 0.0000, 0.0000, 0.0000, 0.0000, 1.0000, 0.0000,
10 0.0000, 0.0000, 0.0000, 0.0000, 0.0000, 0.0000, 0.0000, 0.0000, 0.1667, 0.3333, 0.5000,
11 0.0000, 0.0000, 0.0000, 0.0000, 0.0000, 0.0000, 0.0000, 0.0000, 0.0000, 0.1463, 0.8537,


 ALOI (aloi) for 8 cikl gd_gran in TVEG. Transporteision:Sbeta out ->Salfa in
	      (stolbci with alfa in =0, if Salfa in=0)
alfa in> 1    2       3       4       5       6      7       8       9       10       11
beta
out
^
1    0.0000, 0.0000, 0.0000, 0.0000, 0.0000, 0.0000, 0.0000, 0.0000, 0.0000, 0.0000, 0.0000,
2    0.0000, 0.0000, 0.0000, 0.0000, 0.0000, 0.0000, 0.0000, 0.0000, 0.0000, 0.0000, 0.0000,
3    0.0000, 0.0000, 0.0000, 0.0000, 0.0000, 0.0000, 0.0000, 0.0000, 0.0000, 0.0000, 0.0000,
4    0.0000, 0.0000, 0.0000, 0.0000, 0.0000, 0.0000, 0.0000, 0.0000, 0.0000, 0.0000, 0.0000,
5    0.0000, 0.0000, 0.0000, 0.0000, 0.0000, 0.0000, 0.0000, 0.0000, 0.0000, 0.0000, 0.0000,
6    0.0000, 0.0000, 0.0000, 0.0000, 0.0000, 0.0000, 0.0000, 0.0000, 0.0000, 0.0000, 0.0000,
7    0.0000, 0.0000, 0.0000, 0.0000, 0.0000, 0.0000, 0.0000, 0.0000, 0.0000, 0.0000, 0.0000,
8    0.0000, 0.0000, 0.0000, 0.0000, 0.0000, 0.0000, 0.0000, 0.0000, 0.2381, 0.0000, 0.0000, 0.0000
9    0.0000, 0.0000, 0.0000, 0.0000, 0.0000, 0.0000, 0.0000, 0.0000, 0.0000, 0.0000, 0.0000,
10   0.0000, 0.0000, 0.0000, 0.0000, 0.0000, 0.0000, 0.0000, 0.0000, 0.0000, 0.0000, 0.0000,
11   0.0000, 0.0000, 0.0000, 0.0000, 0.0000, 0.0000, 0.0000, 0.0000, 0.0000, 0.0000, 0.0000,

 ALIO (alio) for 8 cikl gd_gran in TVEG. Transporteision:Sbeta in ->Salfa out
	      (stroci with beta in =0, if Sbeta in=0)
alfa out> 1    2       3       4       5       6      7       8       9       10       11
beta
in
^
1    0.0000, 0.0000, 0.0000, 0.0000, 0.0000, 0.0000, 0.0000, 0.0000, 0.0000, 0.0000, 0.0000,
2    0.0000, 0.0000, 0.0000, 0.0000, 0.0000, 0.0000, 0.0000, 0.0000, 0.0000, 0.0000, 0.0000,
3    0.0000, 0.0000, 0.0000, 0.0000, 0.0000, 0.0000, 0.0000, 0.0000, 0.0000, 0.0000, 0.0000,
4    0.0000, 0.0000, 0.0000, 0.0000, 0.0000, 0.0000, 0.0000, 0.0000, 0.0000, 0.0000, 0.0000,
5    0.0000, 0.0000, 0.0000, 0.0000, 0.0000, 0.0000, 0.0000, 0.0000, 0.0000, 0.0000, 0.0000,
6    0.0000, 0.0000, 0.0000, 0.0000, 0.0000, 0.0000, 0.0000, 0.0000, 0.0000, 0.0000, 0.0000,
7    0.0000, 0.0000, 0.0000, 0.0000, 0.0000, 0.0000, 0.0000, 0.0000, 0.0000, 0.0000, 0.0000,
8    0.0000, 0.0000, 0.0000, 0.0000, 0.0000, 0.0000, 0.0000, 0.0000, 0.0000, 0.0000, 0.0000, 0.0000
9    0.0000, 0.0000, 0.0000, 0.0000, 0.0000, 0.0000, 0.0000, 1.0000, 0.0000, 0.0000, 0.0000,
10   0.0000, 0.0000, 0.0000, 0.0000, 0.0000, 0.0000, 0.0000, 0.0000, 0.0000, 0.0000, 0.0000,
11   0.0000, 0.0000, 0.0000, 0.0000, 0.0000, 0.0000, 0.0000, 0.0000, 0.0000, 0.0000, 0.0000,


			    Nr=7

 ALOUT (aloo) for 7 cikl gd_gran in TVEG
   1        2       3       4       5       6        7        8       9       10

1  0.3333, 0.6667, 0.0000, 0.0000, 0.0000, 0.0000, 0.0000,  0.0000, 0.0000, 0.0000,
2  0.1111, 0.5556, 0.3333, 0.0000, 0.0000, 0.0000, 0.0000,  0.0000, 0.0000, 0.0000,
3  0.0000, 0.1667, 0.5556, 0.2778, 0.0000, 0.0000, 0.0000,  0.0000, 0.0000, 0.0000,
4  0.0000, 0.0000, 0.1852, 0.5556, 0.2593, 0.0000, 0.0000,  0.0000, 0.0000, 0.0000,
5  0.0000, 0.0000, 0.0000, 0.1944, 0.5556, 0.2500, 0.0000,  0.0000, 0.0000, 0.0000,
6  0.0000, 0.0000, 0.0000, 0.0000, 0.2000, 0.5556, 0.2444,  0.0000, 0.0000, 0.0000,
7  0.0000, 0.0000, 0.0000, 0.0000, 0.0000, 0.2037, 0.5556,  0.0000, 0.0000, 0.0000,
8  0.0000, 0.0000, 0.0000, 0.0000, 0.0000, 0.0000, 0.0000,  0.0000, 1.0000, 0.0000,
9  0.0000, 0.0000, 0.0000, 0.0000, 0.0000, 0.0000, 0.0000,  0.1667, 0.3333, 0.5000,
10 0.0000, 0.0000, 0.0000, 0.0000, 0.0000, 0.0000, 0.0000,  0.0000, 0.1463, 0.8537,

 ALOI (aloi) for 7 cikl gd_gran in TVEG. Transporteision:Sbeta out ->Salfa in
	      (stolbci with alfa in =0, if Salfa in=0)
alfa in> 1    2       3       4       5       6      7       8       9       10
beta
out
^
1    0.0000, 0.0000, 0.0000, 0.0000, 0.0000, 0.0000, 0.0000, 0.0000, 0.0000, 0.0000,
2    0.0000, 0.0000, 0.0000, 0.0000, 0.0000, 0.0000, 0.0000, 0.0000, 0.0000, 0.0000,
3    0.0000, 0.0000, 0.0000, 0.0000, 0.0000, 0.0000, 0.0000, 0.0000, 0.0000, 0.0000,
4    0.0000, 0.0000, 0.0000, 0.0000, 0.0000, 0.0000, 0.0000, 0.0000, 0.0000, 0.0000,
5    0.0000, 0.0000, 0.0000, 0.0000, 0.0000, 0.0000, 0.0000, 0.0000, 0.0000, 0.0000,
6    0.0000, 0.0000, 0.0000, 0.0000, 0.0000, 0.0000, 0.0000, 0.0000, 0.0000, 0.0000,
7    0.0000, 0.0000, 0.0000, 0.0000, 0.0000, 0.0000, 0.0000, 0.2381, 0.0000, 0.0000,
8    0.0000, 0.0000, 0.0000, 0.0000, 0.0000, 0.0000, 0.0000, 0.0000, 0.0000, 0.0000,
9    0.0000, 0.0000, 0.0000, 0.0000, 0.0000, 0.0000, 0.0000, 0.0000, 0.0000, 0.0000,
10   0.0000, 0.0000, 0.0000, 0.0000, 0.0000, 0.0000, 0.0000, 0.0000, 0.0000, 0.0000,

 ALIO (alio) for 7 cikl gd_gran in TVEG. Transporteision:Sbeta in ->Salfa out
	      (stroci with beta in =0, if Sbeta in=0)
alfa out> 1    2       3       4       5       6      7       8       9       10
beta
in
^
1    0.0000, 0.0000, 0.0000, 0.0000, 0.0000, 0.0000, 0.0000, 0.0000, 0.0000, 0.0000,
2    0.0000, 0.0000, 0.0000, 0.0000, 0.0000, 0.0000, 0.0000, 0.0000, 0.0000, 0.0000,
3    0.0000, 0.0000, 0.0000, 0.0000, 0.0000, 0.0000, 0.0000, 0.0000, 0.0000, 0.0000,
4    0.0000, 0.0000, 0.0000, 0.0000, 0.0000, 0.0000, 0.0000, 0.0000, 0.0000, 0.0000,
5    0.0000, 0.0000, 0.0000, 0.0000, 0.0000, 0.0000, 0.0000, 0.0000, 0.0000, 0.0000,
6    0.0000, 0.0000, 0.0000, 0.0000, 0.0000, 0.0000, 0.0000, 0.0000, 0.0000, 0.0000,
7    0.0000, 0.0000, 0.0000, 0.0000, 0.0000, 0.0000, 0.0000, 0.0000, 0.0000, 0.0000,
8    0.0000, 0.0000, 0.0000, 0.0000, 0.0000, 0.0000, 1.0000, 0.0000, 0.0000, 0.0000,
9    0.0000, 0.0000, 0.0000, 0.0000, 0.0000, 0.0000, 0.0000, 0.0000, 0.0000, 0.0000,
10   0.0000, 0.0000, 0.0000, 0.0000, 0.0000, 0.0000, 0.0000, 0.0000, 0.0000, 0.0000,

			    Nr=6

 ALOUT (aloo) for 6 cikl gd_gran in TVEG
   1        2       3       4       5       6         7       8       9

1  0.3333, 0.6667, 0.0000, 0.0000, 0.0000, 0.0000,  0.0000, 0.0000, 0.0000,
2  0.1111, 0.5556, 0.3333, 0.0000, 0.0000, 0.0000,  0.0000, 0.0000, 0.0000,
3  0.0000, 0.1667, 0.5556, 0.2778, 0.0000, 0.0000,  0.0000, 0.0000, 0.0000,
4  0.0000, 0.0000, 0.1852, 0.5556, 0.2593, 0.0000,  0.0000, 0.0000, 0.0000,
5  0.0000, 0.0000, 0.0000, 0.1944, 0.5556, 0.2500,  0.0000, 0.0000, 0.0000,
6  0.0000, 0.0000, 0.0000, 0.0000, 0.2000, 0.5556,  0.0000, 0.0000, 0.0000,
7  0.0000, 0.0000, 0.0000, 0.0000, 0.0000, 0.0000,  0.0000, 1.0000, 0.0000,
8  0.0000, 0.0000, 0.0000, 0.0000, 0.0000, 0.0000,  0.1667, 0.3333, 0.5000,
9  0.0000, 0.0000, 0.0000, 0.0000, 0.0000, 0.0000,  0.0000, 0.1463, 0.8537,

 ALOI (aloi) for 6 cikl gd_gran in TVEG. Transporteision:Sbeta out ->Salfa in
	      (stolbci with alfa in =0, if Salfa in=0)
alfa in> 1    2       3       4       5       6       7       8       9
beta
out
^
1    0.0000, 0.0000, 0.0000, 0.0000, 0.0000, 0.0000,  0.0000, 0.0000, 0.0000,
2    0.0000, 0.0000, 0.0000, 0.0000, 0.0000, 0.0000,  0.0000, 0.0000, 0.0000,
3    0.0000, 0.0000, 0.0000, 0.0000, 0.0000, 0.0000,  0.0000, 0.0000, 0.0000,
4    0.0000, 0.0000, 0.0000, 0.0000, 0.0000, 0.0000,  0.0000, 0.0000, 0.0000,
5    0.0000, 0.0000, 0.0000, 0.0000, 0.0000, 0.0000,  0.0000, 0.0000, 0.0000,
6    0.0000, 0.0000, 0.0000, 0.0000, 0.0000, 0.0000,  0.2381, 0.0000, 0.0000,
7    0.0000, 0.0000, 0.0000, 0.0000, 0.0000, 0.0000,  0.0000, 0.0000, 0.0000,
8    0.0000, 0.0000, 0.0000, 0.0000, 0.0000, 0.0000,  0.0000, 0.0000, 0.0000,
9    0.0000, 0.0000, 0.0000, 0.0000, 0.0000, 0.0000,  0.0000, 0.0000, 0.0000,

 ALIO (alio) for 6 cikl gd_gran in TVEG. Transporteision:Sbeta in ->Salfa out
	      (stroci with beta in =0, if Sbeta in=0)
alfa out> 1    2       3       4       5       6       7       8       9
beta
in
^
1    0.0000, 0.0000, 0.0000, 0.0000, 0.0000,  0.0000, 0.0000, 0.0000, 0.0000,
2    0.0000, 0.0000, 0.0000, 0.0000, 0.0000,  0.0000, 0.0000, 0.0000, 0.0000,
3    0.0000, 0.0000, 0.0000, 0.0000, 0.0000,  0.0000, 0.0000, 0.0000, 0.0000,
4    0.0000, 0.0000, 0.0000, 0.0000, 0.0000,  0.0000, 0.0000, 0.0000, 0.0000,
5    0.0000, 0.0000, 0.0000, 0.0000, 0.0000,  0.0000, 0.0000, 0.0000, 0.0000,
6    0.0000, 0.0000, 0.0000, 0.0000, 0.0000,  0.0000, 0.0000, 0.0000, 0.0000,
7    0.0000, 0.0000, 0.0000, 0.0000, 0.0000,  1.0000, 0.0000, 0.0000, 0.0000,
8    0.0000, 0.0000, 0.0000, 0.0000, 0.0000,  0.0000, 0.0000, 0.0000, 0.0000,
9    0.0000, 0.0000, 0.0000, 0.0000, 0.0000,  0.0000, 0.0000, 0.0000, 0.0000,

			    Nr=5

 ALOUT (aloo) for 5 cikl gd_gran in TVEG
   1        2       3       4       5         6       7       8

1  0.3333, 0.6667, 0.0000, 0.0000, 0.0000,  0.0000, 0.0000, 0.0000,
2  0.1111, 0.5556, 0.3333, 0.0000, 0.0000,  0.0000, 0.0000, 0.0000,
3  0.0000, 0.1667, 0.5556, 0.2778, 0.0000,  0.0000, 0.0000, 0.0000,
4  0.0000, 0.0000, 0.1852, 0.5556, 0.2593,  0.0000, 0.0000, 0.0000,
5  0.0000, 0.0000, 0.0000, 0.1944, 0.5556,  0.0000, 0.0000, 0.0000,
6  0.0000, 0.0000, 0.0000, 0.0000, 0.0000,  0.0000, 1.0000, 0.0000,
7  0.0000, 0.0000, 0.0000, 0.0000, 0.0000,  0.1667, 0.3333, 0.5000,
8  0.0000, 0.0000, 0.0000, 0.0000, 0.0000,  0.0000, 0.1463, 0.8537,

 ALOI (aloi) for 5 cikl gd_gran in TVEG. Transporteision:Sbeta out ->Salfa in
	      (stolbci with alfa in =0, if Salfa in=0)
alfa in> 1    2       3       4       5       6       7       8
beta
out
^
1    0.0000, 0.0000, 0.0000, 0.0000, 0.0000,  0.0000, 0.0000, 0.0000,
2    0.0000, 0.0000, 0.0000, 0.0000, 0.0000,  0.0000, 0.0000, 0.0000,
3    0.0000, 0.0000, 0.0000, 0.0000, 0.0000,  0.0000, 0.0000, 0.0000,
4    0.0000, 0.0000, 0.0000, 0.0000, 0.0000,  0.0000, 0.0000, 0.0000,
5    0.0000, 0.0000, 0.0000, 0.0000, 0.0000,  0.2381, 0.0000, 0.0000,
6    0.0000, 0.0000, 0.0000, 0.0000, 0.0000,  0.0000, 0.0000, 0.0000,
7    0.0000, 0.0000, 0.0000, 0.0000, 0.0000,  0.0000, 0.0000, 0.0000,
8    0.0000, 0.0000, 0.0000, 0.0000, 0.0000,  0.0000, 0.0000, 0.0000,

 ALIO (alio) for 5 cikl gd_gran in TVEG. Transporteision:Sbeta in ->Salfa out
	      (stroci with beta in =0, if Sbeta in=0)
alfa out> 1    2       3       4       5       6       7       8
beta
in
^
1    0.0000, 0.0000, 0.0000, 0.0000,  0.0000, 0.0000, 0.0000, 0.0000,
2    0.0000, 0.0000, 0.0000, 0.0000,  0.0000, 0.0000, 0.0000, 0.0000,
3    0.0000, 0.0000, 0.0000, 0.0000,  0.0000, 0.0000, 0.0000, 0.0000,
4    0.0000, 0.0000, 0.0000, 0.0000,  0.0000, 0.0000, 0.0000, 0.0000,
5    0.0000, 0.0000, 0.0000, 0.0000,  0.0000, 0.0000, 0.0000, 0.0000,
6    0.0000, 0.0000, 0.0000, 0.0000,  1.0000, 0.0000, 0.0000, 0.0000,
7    0.0000, 0.0000, 0.0000, 0.0000,  0.0000, 0.0000, 0.0000, 0.0000,
8    0.0000, 0.0000, 0.0000, 0.0000,  0.0000, 0.0000, 0.0000, 0.0000,

			    Nr=4

 ALOUT (aloo) for 4 cikl gd_gran in TVEG
   1        2       3       4          5       6       7

1  0.3333, 0.6667, 0.0000, 0.0000,   0.0000, 0.0000, 0.0000,
2  0.1111, 0.5556, 0.3333, 0.0000,   0.0000, 0.0000, 0.0000,
3  0.0000, 0.1667, 0.5556, 0.2778,   0.0000, 0.0000, 0.0000,
4  0.0000, 0.0000, 0.1852, 0.5556,   0.0000, 0.0000, 0.0000,
5  0.0000, 0.0000, 0.0000, 0.0000,   0.0000, 1.0000, 0.0000,
6  0.0000, 0.0000, 0.0000, 0.0000,   0.1667, 0.3333, 0.5000,
7  0.0000, 0.0000, 0.0000, 0.0000,   0.0000, 0.1463, 0.8537,

 ALOI (aloi) for 4 cikl gd_gran in TVEG. Transporteision:Sbeta out ->Salfa in
	      (stolbci with alfa in =0, if Salfa in=0)
alfa in> 1    2       3       4        5       6       7
beta
out
^
1    0.0000, 0.0000, 0.0000, 0.0000,   0.0000, 0.0000, 0.0000,
2    0.0000, 0.0000, 0.0000, 0.0000,   0.0000, 0.0000, 0.0000,
3    0.0000, 0.0000, 0.0000, 0.0000,   0.0000, 0.0000, 0.0000,
4    0.0000, 0.0000, 0.0000, 0.0000,   0.2381, 0.0000, 0.0000,
5    0.0000, 0.0000, 0.0000, 0.0000,   0.0000, 0.0000, 0.0000,
6    0.0000, 0.0000, 0.0000, 0.0000,   0.0000, 0.0000, 0.0000,
7    0.0000, 0.0000, 0.0000, 0.0000,   0.0000, 0.0000, 0.0000,

 ALIO (alio) for 5 cikl gd_gran in TVEG. Transporteision:Sbeta in ->Salfa out
	      (stroci with beta in =0, if Sbeta in=0)
alfa out> 1    2       3       4       5       6       7
beta
in
^
1    0.0000, 0.0000, 0.0000,  0.0000, 0.0000, 0.0000, 0.0000,
2    0.0000, 0.0000, 0.0000,  0.0000, 0.0000, 0.0000, 0.0000,
3    0.0000, 0.0000, 0.0000,  0.0000, 0.0000, 0.0000, 0.0000,
4    0.0000, 0.0000, 0.0000,  0.0000, 0.0000, 0.0000, 0.0000,
5    0.0000, 0.0000, 0.0000,  1.0000, 0.0000, 0.0000, 0.0000,
6    0.0000, 0.0000, 0.0000,  0.0000, 0.0000, 0.0000, 0.0000,
7    0.0000, 0.0000, 0.0000,  0.0000, 0.0000, 0.0000, 0.0000,


			    Nr=3

 ALOUT (aloo) for 3 cikl gd_gran in TVEG
   1        2       3         4      5      6

1  0.3333, 0.6667, 0.0000,  0.0000, 0.0000, 0.0000,
2  0.1111, 0.5556, 0.3333,  0.0000, 0.0000, 0.0000,
3  0.0000, 0.1667, 0.5556,  0.0000, 0.0000, 0.0000,
4  0.0000, 0.0000, 0.0000,  0.0000, 1.0000, 0.0000,
5  0.0000, 0.0000, 0.0000,  0.1667, 0.3333, 0.5000,
6  0.0000, 0.0000, 0.0000,  0.0000, 0.1463, 0.8537,

 ALOI (aloi) for 3 cikl gd_gran in TVEG. Transporteision:Sbeta out ->Salfa in
	      (stolbci with alfa in =0, if Salfa in=0)
alfa in> 1    2       3         4       5       6
beta
out
^
1    0.0000, 0.0000, 0.0000,    0.0000, 0.0000, 0.0000,
2    0.0000, 0.0000, 0.0000,    0.0000, 0.0000, 0.0000,
3    0.0000, 0.0000, 0.0000,    0.2778, 0.0000, 0.0000,
4    0.0000, 0.0000, 0.0000,    0.0000, 0.0000, 0.0000,
5    0.0000, 0.0000, 0.0000,    0.0000, 0.0000, 0.0000,
6    0.0000, 0.0000, 0.0000,    0.0000, 0.0000, 0.0000,

 ALIO (alio) for 3 cikl gd_gran in TVEG. Transporteision:Sbeta in ->Salfa out
	      (stroci with beta in =0, if Sbeta in=0)
alfa out> 1    2        3       4       5       6
beta
in
^
1    0.0000, 0.0000,   0.0000, 0.0000, 0.0000, 0.0000,
2    0.0000, 0.0000,   0.0000, 0.0000, 0.0000, 0.0000,
3    0.0000, 0.0000,   0.0000, 0.0000, 0.0000, 0.0000,
4    0.0000, 0.0000,   1.0000, 0.0000, 0.0000, 0.0000,
5    0.0000, 0.0000,   0.0000, 0.0000, 0.0000, 0.0000,
6    0.0000, 0.0000,   0.0000, 0.0000, 0.0000, 0.0000,

			    Nr=2

 ALOUT (aloo) for 2 cikl gd_gran in TVEG
   1        2          3      4      5

1  0.3333, 0.6667,   0.0000, 0.0000, 0.0000,
2  0.1111, 0.5556,   0.0000, 0.0000, 0.0000,
3  0.0000, 0.0000,   0.0000, 1.0000, 0.0000,
4  0.0000, 0.0000,   0.1667, 0.3333, 0.5000,
5  0.0000, 0.0000,   0.0000, 0.1463, 0.8537,

 ALOI (aloi) for 2 cikl gd_gran in TVEG. Transporteision:Sbeta out ->Salfa in
	      (stolbci with alfa in =0, if Salfa in=0)
alfa in> 1    2        3       4       5
beta
out
^
1    0.0000, 0.0000,   0.0000, 0.0000, 0.0000,
2    0.0000, 0.0000,   0.2381, 0.0000, 0.0000,
3    0.0000, 0.0000,   0.0000, 0.0000, 0.0000,
4    0.0000, 0.0000,   0.0000, 0.0000, 0.0000,
5    0.0000, 0.0000,   0.0000, 0.0000, 0.0000,

 ALIO (alio) for 2 ckl gd_gran in TVEG. Transporteision:Sbeta in ->Salfa out
	      (stroci with beta in =0, if Sbeta in=0)
alfa out> 1    2       3       4       5
beta
in
^
1    0.0000,  0.0000, 0.0000, 0.0000, 0.0000,
2    0.0000,  0.0000, 0.0000, 0.0000, 0.0000,
3    0.0000,  1.0000, 0.0000, 0.0000, 0.0000,
4    0.0000,  0.0000, 0.0000, 0.0000, 0.0000,
5    0.0000,  0.0000, 0.0000, 0.0000, 0.0000,

			    Nr=1

 ALOUT (aloo) for 1  gd_gran in TVEG
   1           2      3      4

1  0.3333,   0.0000, 0.0000, 0.0000,
2  0.0000,   0.0000, 1.0000, 0.0000,
3  0.0000,   0.1667, 0.3333, 0.5000,
4  0.0000,   0.0000, 0.1463, 0.8537,

 ALOI (aloi) for 1  gd_gran in TVEG. Transporteision:Sbeta out ->Salfa in
	      (stolbci with alfa in =0, if Salfa in=0)
alfa in> 1      3       4       5
beta
out
^
1    0.0000,    0.2381, 0.0000, 0.0000,
2    0.0000,    0.0000, 0.0000, 0.0000,
3    0.0000,    0.0000, 0.0000, 0.0000,
4    0.0000,    0.0000, 0.0000, 0.0000,

 ALIO (alio) for 1  gd_gran in TVEG. Transporteision:Sbeta in ->Salfa out
	      (stroci with beta in =0, if Sbeta in=0)
alfa out> 1    2       3       4
beta
in
^
1      0.0000, 0.0000, 0.0000, 0.0000,
2      1.0000, 0.0000, 0.0000, 0.0000,
3      0.0000, 0.0000, 0.0000, 0.0000,
4      0.0000, 0.0000, 0.0000, 0.0000,
