   1.225507       1.227099       1.227773       1.227898       1.227081    
   1.218447       1.191253       1.190282       1.190407       1.184912    
   1.184885       1.191379       1.185144       1.184525      7.3002018E-02
  7.7589527E-02  8.3995037E-02  9.4905213E-02  0.1173695      0.2792272    
  2.3127594E-03  1.6226134E-03  7.2500162E-02  2.5891748E-03  1.8463517E-03
  7.4175142E-02  2.6374145E-03  1.9157075E-03  1.6397400E-02  1.6729323E-02
  1.7117083E-02  1.7667720E-02  1.8551005E-02  2.1861406E-02  0.0000000E+00
  0.0000000E+00  4.2323273E-02  0.0000000E+00  0.0000000E+00  4.3792326E-02
  0.0000000E+00  0.0000000E+00  4.0948715E-02  4.1753501E-02  4.2693842E-02
  4.4029411E-02  4.6172321E-02  5.4210760E-02  0.0000000E+00  0.0000000E+00
  0.1039083      0.0000000E+00  0.0000000E+00  0.1074873      0.0000000E+00
  0.0000000E+00  0.4066424      0.4067089      0.4067981      0.4069262    
  0.4070971      0.4073720      0.3151642      0.7691709      0.3797156    
  0.3135341      0.7865272      0.3783809      0.3130409      0.7908835    
  2.7152551E-09  3.4963086E-09  5.0642228E-09  6.8232051E-09  8.9547649E-09
  2.3987349E-08  4.3530353E-08  2.4871807E-07  7.3815181E-07  4.2962924E-07
  1.7642166E-06  2.6618000E-06  1.5508060E-06  6.3694747E-06
 0.13194E+01
 0.17231E+03
 0.29353E+01
 0.60645E+03
