
	    Gd-3% kass VVER1000  gom BC
		  1 - group
 *************** flux***** sfis.       ************
  1   0.10   0.27179E+01  0.1639740E-01
  2   0.15   0.27233E+01  0.1672932E-01
  3   0.20   0.27296E+01  0.1711708E-01
  4   0.25   0.27382E+01  0.1766772E-01
  5   0.30   0.27511E+01  0.1855101E-01
  6   0.39   0.27873E+01  0.2186141E-01
  7   0.46   0.29001E+01   0.000000
  8   0.70   0.29437E+01   0.000000
  9   0.37   0.30371E+01  0.4232327E-01
 10   0.46   0.30336E+01   0.000000
 11   0.70   0.30295E+01   0.000000
 12   0.37   0.30870E+01  0.4379233E-01
 13   0.46   0.30828E+01   0.000000
 14   0.70   0.30785E+01   0.000000
		2 -group
      r,sm      fast        thermal
 *************** flux****************
  1   0.10   0.25915E+01  0.12650E+00
  2   0.15   0.25924E+01  0.13099E+00
  3   0.20   0.25935E+01  0.13616E+00
  4   0.25   0.25949E+01  0.14334E+00
  5   0.30   0.25968E+01  0.15434E+00
  6   0.39   0.26015E+01  0.18576E+00
  7   0.46   0.26042E+01  0.29583E+00
  8   0.70   0.25964E+01  0.34731E+00
  9   0.37   0.26785E+01  0.35856E+00
 10   0.46   0.26472E+01  0.38637E+00
 11   0.70   0.26235E+01  0.40600E+00
 12   0.37   0.27095E+01  0.37754E+00
 13   0.46   0.26756E+01  0.40715E+00
 14   0.70   0.26507E+01  0.42785E+00

      Gd-3% kass VVER1000  get BA Nr=3  rgr=0,03455 sm
-------------------------------------------------------
     rcel(1,1)=0.01,(sm)  (Sphericl cell with BA)
               0.02,
               0.03455,
               0.04,
               0.05,
               0.07,
               0.1,
     celsos(1,1)=1,1,1,2,2,2,2,
     rcel(1,2)=0.455,0.6955, Rcin(2) =0.386,
     Tube cell - cover + H2O
                             hcel(4)=0.16866,
      *************** flux******* sfis.         **********
0.01,  1   0.01   0.26907E+01     0.000000
0.02,  2   0.02   0.26966E+01     0.000000
0.034553   0.03   0.27130E+01     0.000000
0.04,  4   0.04   0.27632E+01    0.1978379E-01
0.05,  5   0.05   0.27762E+01    0.2092661E-01
0.07,  6   0.07   0.27877E+01    0.2195252E-01
0.1,   7   0.10   0.27942E+01    0.2261334E-01
       8   0.01   0.26889E+01     0.000000
       9   0.02   0.26955E+01     0.000000
      10   0.03   0.27149E+01     0.000000
      11   0.04   0.27778E+01    0.2218997E-01
      12   0.05   0.27936E+01    0.2364653E-01
      13   0.07   0.28075E+01    0.2495241E-01
      14   0.10   0.28154E+01    0.2579459E-01
      15   0.01   0.26788E+01     0.000000
      16   0.02   0.26874E+01     0.000000
      17   0.03   0.27149E+01     0.000000
      18   0.04   0.28150E+01    0.2963300E-01
      19   0.05   0.28390E+01    0.3198148E-01
      20   0.07   0.28601E+01    0.3408085E-01
      21   0.10   0.28724E+01    0.3544154E-01
      22   0.46   0.30068E+01     0.000000
      23   0.70   0.30252E+01     0.000000
      24   0.37   0.30717E+01    0.4422075E-01
      25   0.46   0.30696E+01     0.000000
      26   0.70   0.30664E+01     0.000000
      27   0.37   0.30925E+01    0.4476947E-01
      28   0.46   0.30901E+01     0.000000
      29   0.70   0.30868E+01     0.000000
      *************** flux****************
       1   0.01   0.26120E+01  0.78704E-01
       2   0.02   0.26141E+01  0.82478E-01
       3   0.03   0.26177E+01  0.95322E-01
       4   0.04   0.26223E+01  0.14087E+00
       5   0.05   0.26245E+01  0.15171E+00
       6   0.07   0.26262E+01  0.16146E+00
       7   0.10   0.26266E+01  0.16762E+00
       8   0.01   0.26048E+01  0.84072E-01
       9   0.02   0.26070E+01  0.88473E-01
      10   0.03   0.26108E+01  0.10408E+00
      11   0.04   0.26156E+01  0.16217E+00
      12   0.05   0.26179E+01  0.17572E+00
      13   0.07   0.26196E+01  0.18791E+00
      14   0.10   0.26198E+01  0.19561E+00
      15   0.01   0.25811E+01  0.97759E-01
      16   0.02   0.25835E+01  0.10387E+00
      17   0.03   0.25876E+01  0.12725E+00
      18   0.04   0.25930E+01  0.22202E+00
      19   0.05   0.25956E+01  0.24343E+00
      20   0.07   0.25974E+01  0.26268E+00
      21   0.10   0.25975E+01  0.27484E+00
      22   0.46   0.26351E+01  0.37175E+00
      23   0.70   0.26199E+01  0.40528E+00
      24   0.37   0.26928E+01  0.37896E+00
      25   0.46   0.26608E+01  0.40880E+00
      26   0.70   0.26367E+01  0.42966E+00
      27   0.37   0.27057E+01  0.38681E+00
      28   0.46   0.26727E+01  0.41734E+00
      29   0.70   0.26482E+01  0.43861E+00



get


Ri/Rbl
Ri
flux
sfiss
Flux*sfiss
0
0
2.691
0.0000
0
0.04
0.02
2.697
0.0000
0
0.0691
0.03455
2.713
0.0000
0
0.08
0.04
2.763
0.0198
0.054667
0.1
0.05
2.776
0.0209
0.058096
0.14
0.07
2.788
0.0220
0.061197
0.2
0.1
2.794
0.0226
0.063186
0.26
0.13
2.808
0.0250
0.070054
0.3
0.15
2.794
0.0236
0.066059
0.32
0.16
2.778
0.0222
0.061639
0.3309
0.16545
2.715
0.0000
0
0.36
0.18
2.696
0.0000
0
0.4
0.2
2.689
0.0000
0
0.44
0.22
2.696
0.0000
0
0.4691
0.23455
2.715
0.0000
0
0.48
0.24
2.778
0.0222
0.061639
0.5
0.25
2.794
0.0236
0.066059
0.54
0.27
2.808
0.0250
0.070054
0.6
0.3
2.815
0.0258
0.072622
0.66
0.33
2.860
0.0341
0.097475
0.7
0.35
2.839
0.0320
0.090795
0.72
0.36
2.815
0.0296
0.083417
0.7309
0.36545
2.715
0.0000
0
0.76
0.38
2.687
0.0000
0
0.8
0.4
2.679
0.0000
0
0.84
0.42
2.687
0.0000
0
0.8691
0.43455
2.715
0.0000
0
0.88
0.44
2.815
0.0296
0.083417
0.9
0.45
2.839
0.0320
0.090795
0.94
0.47
2.860
0.0341
0.097475
1
0.5
2.872
0.0354
0.101802



gom







0
0
2.7179
0.0164
0.044566
0.384615
0.15
2.7233
0.0167
0.045559
0.512821
0.2
2.7296
0.0171
0.046723
0.641026
0.25
2.7382
0.0177
0.048378
0.769231
0.3
2.7511
0.0186
0.051036
1
0.39
2.7873
0.0219
0.060934

